101561	
1016	
1023	
1028	
1039	
1044	
1056	
1061	
1073	
1074	
1096	
1109	
111	
112	
1130	
1135	
1154	
1157	
1186	
1190	
1203	
12202	
1232	
124	
1243	
12446	
1248	
127	
1272	
1275	
1305	
1309	
13107	
1318	
1319	
1325	
1338	
1339	
1367	
1393	
1394	
1404	
1418	
1421	
1425	
1443907	
1456	
1468	
1477	
1514	
1517	
152	
1525	
154	
1544	
1546	
1556	
1559	
1577	
1583	
1619	
162	
1621	
1627	
1628	
1666	
1667	
1672	
1673	
170	
1704	
171170	
1724	
17396	
1749	
176741	
1771	
1773	
1775	
1780	
1793	
1812	
1821	
183	
1843	
1852	
1856	
1857	
1886	
1901	
1940	
1945	
197	
2001	
2012	
2017	
2036	
2044	
2047	
206	
207	
2080	
2147	
2182	
2183	
2223	
2245	
2277	
2310	
2335	
2382	
250	
2530953	
258	
2585	
26	
266	
2700	
27335	
28705	
29211	
2928	
2943318	
298	
2982	
3020	
3040	
307	
31	
31910	
332	
339	
33957	
342	
3490980	
3507075	
352	
357	
360	
362	
37042	
384	
394225	
396	
414	
42406	
43110	
432	
44389	
45	
4521	
47086	
473	
477578	
49	
509	
515	
516	
519	
5310	
539	
541	
566	
57833	
586	
59345	
595	
602	
607	
623	
62853	
63	
633	
63737	
655	
665	
669	
699	
7	
704	
707	
7090	
713	
723	
725	
7286	
734	
738	
7488	
755	
762	
7641	
77	
77397	
781	
794	
799	
820	
82200	
837	
838	
849	
858	
875	
885	
890	
894	
911	
938	
942	
951	
968319	
97294	
975299	
978	
98	
