109	1	360
1	2	1016,1074
115	1	357
116	4	1775,1852,595,978
117	1	669
122	1	384
13	2	1109,602
136	3	396,515,519
137	2	1749,2036
1384652	1	1425
139	1	414
143	1	509
146270	1	111
146637	2	152,154
150	1	516
154	2	566,623
156	1	607
157	3	539,541,794
162	1	799
164	1	1773
17	2	1338,162
192	1	1305
195	1	2001
197	1	665
199	1	1517
200	4	1157,704,890,894
205	1	725
206	1	942
207	1	1203
2089740	3	1856,1857,98
212	1	1404
214	1	762
216	3	1318,1666,723
2189331	3	734,1028,1073
219	1	1771
224	3	1546,1621,837
227	3	1044,1135,2012
229	1	781
231	1	1023
234	1	1056
246	1	938
258	1	1190
26	1	124
264	2	1130,1243
266	1	1393
267	1	1309
268	3	1154,1248,1272
27	1	1514
275	3	1667,1843,1886
296	1	1477
30	1	699
303	1	1901
307	1	1793
308	2	1673,1821
3	1	1061
313	1	1556
316	1	1367
328	1	1945
33	1	633
34	7	112,1186,266,586,713,755,858
35	3	127,1418,206
358	1	2047
364	1	1940
383	1	2080
39	3	1325,45,63
40	2	1456,77
41	1	1096
43	1	49
46	3	1039,1275,707
48	4	1232,2017,250,26
49	4	298,307,473,951
50	1	207
5	1	352
52	2	1628,432
55	3	1583,258,911
58	1	1421
59	6	1525,170,1704,332,339,342
60	2	1468,838
62	1	1812
71	1	197
77	1	1780
80	1	362
86	1	183
91	12	1319,1339,1394,1672,1724,2044,2147,655,738,885,820,875
9	1	7
92	4	1544,1577,1619,1627
93	1	849
