9	4	1
1	11	1
13	9	1
17	9	1
48	17	1
17	11	1
19	13	1
13	25	1
13	14	1
23	25	1
35	39	1
39	39	1
43	24	1
17	36	1
23	34	1
34	34	1
39	48	1
37	48	1
41	34	1
45	59	1
39	61	1
35	61	1
17	66	1
49	19	1
13	25	1
50	42	1
40	42	1
55	4	1
41	34	1
51	36	1
60	16	1
39	4	1
59	85	1
61	90	1
25	88	1
40	85	1
2089740	88	1
25	88	1
59	85	1
40	85	1
72	13	1
61	104	1
36	104	1
146270	108	1
34	104	1
60	108	1
17	108	1
58	108	1
26	80	1
35	126	1
26	126	1
59	123	1
72	129	1
72	126	1
71	129	1
42	126	1
86	126	1
146637	42	1
71	146	1
80	145	1
44	145	1
146637	146	1
59	146	1
146637	85	1
9	108	1
70	146	1
42	104	1
17	129	1
33	104	1
17	8	1
2189331	145	1
17	163	1
30	164	1
93	126	1
59	163	1
86	123	1
40	126	1
55	123	1
80	173	1
71	194	1
50	180	1
71	180	1
35	134	1
50	176	1
39	192	1
96	192	1
91	9	1
71	231	1
91	231	1
48	176	1
34	234	1
61	237	1
34	237	1
91	237	1
71	234	1
48	249	1
34	237	1
55	227	1
146637	249	1
55	192	1
34	265	1
101	265	1
91	260	1
103	249	1
40	227	1
101	237	1
55	227	1
106	260	1
40	227	1
60	279	1
2	279	1
106	174	1
109	289	1
91	289	1
40	176	1
49	289	1
91	109	1
49	260	1
55	308	1
59	328	1
58	328	1
59	330	1
50	328	1
61	337	1
59	336	1
59	337	1
100	260	1
50	336	1
5	36	1
116	336	1
116	308	1
115	13	1
109	237	1
119	260	1
109	308	1
80	361	1
117	308	1
122	361	1
116	88	1
115	227	1
124	371	1
122	369	1
122	382	1
118	361	1
134	387	1
91	387	1
136	371	1
135	72	1
135	395	1
137	164	1
137	48	1
123	108	1
139	403	1
133	403	1
34	415	1
117	415	1
111	395	1
136	192	1
34	429	1
52	429	1
17	371	1
144	17	1
147	337	1
49	470	1
35	369	1
147	438	1
151	369	1
50	469	1
143	482	1
136	369	1
150	173	1
153	469	1
136	514	1
154	173	1
156	88	1
154	337	1
86	180	1
86	264	1
157	19	1
86	265	1
161	502	1
156	263	1
156	535	1
157	180	1
154	123	1
157	535	1
156	387	1
136	549	1
154	564	1
58	564	1
163	371	1
149	562	1
39	564	1
149	580	1
34	580	1
149	369	1
116	561	1
116	580	1
111	580	1
116	594	1
76	580	1
175	371	1
175	173	1
175	438	1
13	601	1
175	237	1
116	601	1
156	263	1
13	564	1
173	588	1
173	313	1
173	237	1
183	514	1
154	622	1
51	395	1
122	626	1
33	588	1
188	337	1
151	514	1
115	644	1
91	650	1
197	535	1
197	644	1
197	264	1
117	657	1
200	657	1
199	227	1
51	48	1
200	328	1
51	644	1
34	657	1
209	371	1
206	36	1
30	164	1
49	698	1
111	683	1
147	698	1
111	698	1
200	696	1
46	705	1
51	705	1
207	698	1
91	709	1
34	709	1
189	698	1
27	709	1
216	626	1
205	651	1
91	415	1
2189331	705	1
2189331	728	1
145	683	1
173	705	1
91	415	1
206	728	1
173	698	1
154	683	1
192	746	1
58	746	1
199	683	1
219	746	1
192	752	1
142	746	1
34	752	1
197	698	1
2189331	609	1
214	761	1
51	761	1
214	174	1
175	761	1
175	746	1
157	769	1
150	766	1
229	769	1
189	773	1
175	650	1
175	622	1
157	561	1
227	746	1
227	13	1
230	709	1
162	717	1
1384652	766	1
58	800	1
234	800	1
52	800	1
1384652	800	1
198	800	1
234	13	1
233	810	1
232	800	1
91	810	1
234	810	1
200	826	1
204	696	1
224	832	1
60	833	1
101	826	1
227	279	1
93	845	1
204	845	1
34	855	1
91	855	1
203	279	1
233	810	1
150	871	1
91	871	1
34	871	1
206	717	1
34	879	1
58	879	1
159	826	1
91	879	1
153	871	1
40	879	1
91	888	1
200	888	1
234	888	1
234	871	1
200	805	1
243	194	1
34	879	1
137	879	1
204	899	1
137	899	1
122	898	1
244	899	1
243	194	1
136	871	1
55	904	1
200	904	1
91	898	1
118	918	1
116	88	1
244	237	1
91	935	1
246	935	1
244	123	1
243	930	1
206	905	1
91	935	1
243	918	1
206	194	1
49	930	1
101	918	1
203	918	1
101	164	1
116	800	1
116	833	1
200	972	1
122	972	1
1	944	1
233	944	1
50	918	1
55	1005	1
13	1005	1
1	944	1
93	930	1
231	835	1
77	947	1
234	1024	1
2189331	947	1
116	1033	1
46	1037	1
55	1040	1
227	1040	1
227	1042	1
234	1040	1
234	1040	1
2189331	1040	1
13	1053	1
234	1041	1
234	1033	1
55	1053	1
3	1042	1
116	1041	1
116	1005	1
231	1037	1
257	264	1
122	1069	1
2189331	1069	1
1	1010	1
214	761	1
116	1070	1
2090742	1069	1
86	1083	1
61	1064	1
51	1010	1
51	1083	1
41	1064	1
13	1104	1
227	944	1
91	855	1
269	918	1
39	855	1
264	1108	1
274	918	1
274	698	1
227	1131	1
40	1131	1
267	1131	1
268	1083	1
268	502	1
46	13	1
200	1145	1
188	899	1
267	1145	1
268	1145	1
2090742	1145	1
200	1156	1
188	1145	1
263	1145	1
91	1160	1
120	1160	1
275	1160	1
266	1160	1
267	1171	1
206	1131	1
281	899	1
60	1180	1
34	1176	1
275	1180	1
258	1189	1
188	1171	1
91	415	1
192	1189	1
207	918	1
120	1160	1
257	336	1
48	1180	1
173	1160	1
149	1189	1
206	1131	1
34	1237	1
39	1229	1
264	1237	1
268	11	1
30	1237	1
206	1033	1
257	104	1
91	1261	1
61	336	1
267	564	1
48	1261	1
205	728	1
268	1261	1
46	1241	1
275	1261	1
35	835	1
268	88	1
25	1292	1
267	1292	1
192	1292	1
267	1304	1
91	898	1
48	1284	1
216	1306	1
91	1314	1
312	1300	1
268	1313	1
267	1313	1
39	1313	1
121	1284	1
39	1329	1
313	289	1
91	1284	1
267	1329	1
29	1329	1
121	1284	1
194	1329	1
17	1276	1
91	1329	1
267	1323	1
268	1329	1
17	1323	1
2089740	1323	1
17	1300	1
199	1313	1
83	1329	1
267	1323	1
91	1329	1
314	1284	1
35	1314	1
35	1300	1
316	1311	1
136	1306	1
269	1306	1
26	1376	1
206	1329	1
266	1383	1
91	1390	1
40	1376	1
34	1383	1
200	1387	1
212	9	1
225	1401	1
269	1408	1
60	1408	1
70	588	1
35	1401	1
26	246	1
58	1408	1
1384652	1417	1
307	313	1
45	1384	1
269	1176	1
60	427	1
55	1104	1
307	580	1
200	1387	1
292	1104	1
40	1453	1
200	1451	1
304	898	1
26	580	1
333	1457	1
192	1451	1
60	1457	1
198	1104	1
296	1451	1
305	1476	1
269	1476	1
2089740	1476	1
35	1451	1
198	1276	1
269	761	1
59	1276	1
83	1505	1
91	1505	1
27	1503	1
2089740	1508	1
199	1496	1
83	1505	1
304	761	1
59	1508	1
149	1401	1
91	1528	1
34	1528	1
122	1528	1
92	1537	1
91	1537	1
92	1542	1
269	1542	1
224	1041	1
313	650	1
96	1535	1
313	1528	1
153	1496	1
91	279	1
92	1576	1
307	1576	1
58	1576	1
2089740	1576	1
332	564	1
55	1537	1
2089740	1584	1
122	1576	1
341	888	1
71	1584	1
25	1576	1
271	1576	1
71	1576	1
83	1542	1
271	1584	1
102	746	1
199	1576	1
67	1598	1
52	1576	1
1384652	888	1
318	1576	1
52	1584	1
52	1598	1
1384652	328	1
173	1600	1
92	766	1
318	833	1
224	1610	1
1384652	1542	1
192	1610	1
92	1625	1
52	1615	1
27	1623	1
225	1600	1
52	1615	1
1384652	1644	1
72	1625	1
117	1625	1
199	1644	1
52	1625	1
122	1607	1
207	1625	1
308	1644	1
116	1644	1
48	1576	1
3	1623	1
216	1607	1
275	1623	1
230	1607	1
91	1669	1
308	1300	1
52	1669	1
115	657	1
316	1669	1
230	1683	1
91	1683	1
101	1669	1
183	1176	1
59	1679	1
91	1705	1
200	1705	1
92	1711	1
292	145	1
137	1383	1
101	1709	1
91	1709	1
137	1705	1
303	1705	1
275	1709	1
164	899	1
137	1746	1
332	11	1
234	1705	1
137	888	1
137	1762	1
307	1760	1
219	1762	1
234	1576	1
164	1070	1
234	1576	1
116	1705	1
313	1600	1
234	36	1
77	1734	1
157	1711	1
77	1709	1
307	1600	1
117	1790	1
357	1709	1
332	1746	1
292	1790	1
62	231	1
358	1760	1
308	1760	1
205	1644	1
205	588	1
116	1829	1
275	1836	1
87	1836	1
116	1829	1
2089740	1848	1
2089740	1854	1
30	1829	1
216	1854	1
30	1873	1
116	1854	1
26	1873	1
50	1829	1
275	1873	1
242	1873	1
160	1607	1
303	1898	1
172	1644	1
50	1898	1
52	1898	1
363	1104	1
157	361	1
5	1644	1
122	1898	1
231	1384	1
198	1644	1
157	1908	1
342	1908	1
51	1898	1
328	1241	1
364	1936	1
328	1908	1
22	6	1
46	1848	1
269	1537	1
269	1970	1
116	1973	1
52	1973	1
122	1973	1
269	1982	1
269	1983	1
269	1988	1
122	1988	1
227	1994	1
122	1994	1
195	1995	1
192	1994	1
5	1973	1
232	1995	1
116	1982	1
198	1973	1
122	1995	1
227	1994	1
192	1994	1
48	1790	1
342	330	1
370	330	1
298	1644	1
46	2027	1
137	1973	1
370	2027	1
369	1973	1
137	2034	1
332	1973	1
269	2041	1
91	2043	1
358	1535	1
266	2046	1
200	1949	1
188	2027	1
188	2048	1
200	2048	1
371	1010	1
269	2048	1
377	1576	1
259	2046	1
364	2056	1
372	2056	1
307	2056	1
377	2048	1
198	2046	1
383	2048	1
95	14	1
266	2046	1
230	2046	1
230	2101	1
372	2101	1
298	2101	1
369	1329	1
389	1329	1
91	2120	1
120	1329	1
193	2123	1
383	2123	1
371	145	1
372	2138	1
91	2138	1
200	2138	1
296	2138	1
136	2123	1
